1000000
¦800000|10/04/2020|750000|690000|550000|430000|420000|380000|275000|225000|194000|173000|109000|91000|85000|82000|88000|73000|64000|55000|44200|23000



















¦700000|10/04/2019|600000|550000|520000|430000|390000|390000|295000|185000|134000|103000|99000|89000|75000|74000|68000|59000|49000|35000|24000|13000



















¦900000|10/04/2018|700000|650000|590000|530000|490000|380000|295000|285000|234000|173000|129000|99000|95000|88000|84000|69000|59000|45000|34000|23000
|1000000|1000000|1000000|1000000|1000000|1000000|1000000|1000000|1000000|1000000|1000000|1000000|1000000|1000000|1000000|1000000|1000000|1000000|1000000|1000000|1000000|1000000|1000000|1000000|1000000|1000000|1000000|1000000|1000000|1000000|1000000|1000000|1000000|1000000|1000000|1000000|1000000|1000000|1000000|1000000|1000000|1000000|1000000|1000000|1000000|1000000|1000000|1000000|1000000|1000000|1000000|1000000|1000000|1000000|1000000|1000000|1000000|1000000|1000000|1000000|1000000|1000000|1000000|1000000|1000000|1000000|1000000|1000000|1000000|1000000|1000000|1000000|1000000|1000000|1000000|1000000|1000000|1000000|1000000|1000000|1000000|1000000|1000000|1000000|1000000|1000000|1000000|1000000|1000000















¦1200000|15/05/2020




¦1000000|19/05/2020